results:
n:0.5 p:3 l:2 accuracy: 0.6666666666666666
n:0.5 p:4 l:2 accuracy: 0.6666666666666666
n:1.5 p:3 l:2 accuracy: 0.6862745098039216
n:1.5 p:4 l:2 accuracy: 0.6666666666666666
